59.4829680 24.8509760 9.4
59.4829240 24.8513358 9.4
59.4828800 24.8516956 9.4
59.4827728 24.8519944 9.4
59.4826569 24.8522557 6.3
59.4825368 24.8520046 6.3
59.4823870 24.8519623 6.5
59.4823060 24.8522265 6.3
59.4821278 24.8523252 6.3
59.4819406 24.8523573 6.3
59.4817544 24.8524043 6.3
59.4815706 24.8524813 6.3
59.4813890 24.8525729 6.3
59.4812188 24.8527263 6.3
59.4810558 24.8529101 6.3
59.4808910 24.8530878 6.3
59.4807261 24.8532655 6.3
59.4805613 24.8534433 6.3
59.4803995 24.8536315 6.3
59.4802377 24.8538196 6.3
59.4800753 24.8540056 6.3
59.4799347 24.8540322 20.1
59.4798872 24.8536745 20.1
59.4798561 24.8533095 20.1
59.4798272 24.8529439 19.9
59.4797994 24.8525779 19.9
59.4797647 24.8522143 19.7
59.4797279 24.8518515 19.9
59.4796778 24.8514948 19.9
59.4796164 24.8511456 20.1
59.4795168 24.8508343 19.7
59.4793898 24.8505615 19.7
59.4792628 24.8502887 19.7
59.4791258 24.8500356 19.7
59.4789886 24.8497826 19.7
59.4788548 24.8495231 19.9
59.4787258 24.8492540 19.9
59.4785969 24.8489848 19.9
59.4784680 24.8487156 19.9
59.4783394 24.8484458 19.9
59.4782110 24.8481756 19.9
59.4780828 24.8479049 19.9
59.4779547 24.8476343 19.7
59.4778248 24.8473670 19.7
59.4776948 24.8470997 21.5
59.4775444 24.8468813 20.4
59.4773683 24.8467551 19.9
59.4771885 24.8466472 19.9
59.4770088 24.8465393 19.9
59.4768290 24.8464314 19.9
59.4766466 24.8463426 20.4
59.4764598 24.8463061 19.9
59.4762721 24.8462924 19.7
59.4760861 24.8462440 19.9
59.4759093 24.8461209 20.6
59.4757433 24.8459474 19.5
59.4755836 24.8457531 20.1
59.4754303 24.8455398 19.7
59.4752910 24.8452922 19.9
59.4751716 24.8450066 19.9
59.4750791 24.8446859 19.9
59.4749945 24.8443556 19.9
59.4749160 24.8440194 19.9
59.4748375 24.8436833 19.9
59.4747584 24.8433476 19.7
59.4746790 24.8430123 19.7
59.4745996 24.8426769 19.7
59.4745203 24.8423416 19.7
59.4744482 24.8420000 19.9
59.4743782 24.8416567 19.9
59.4743200 24.8413057 20.1
59.4742805 24.8409442 19.9
59.4742473 24.8405801 19.9
59.4742142 24.8402159 19.9
59.4741811 24.8398517 19.9
59.4741480 24.8394875 19.9
59.4741198 24.8391220 19.7
59.4741085 24.8387538 19.0
59.4741567 24.8383966 19.9
59.4742252 24.8380561 19.9
59.4742951 24.8377150 15.9
59.4742441 24.8374213 24.6
59.4740672 24.8372965 24.6
59.4738892 24.8371781 24.8
59.4737089 24.8370735 24.8
59.4735287 24.8369690 24.8
59.4733492 24.8368594 24.8
59.4731718 24.8367375 24.8
59.4729944 24.8366155 24.8
59.4728170 24.8364936 24.8
59.4726396 24.8363716 24.8
59.4724618 24.8362515 24.6
59.4722829 24.8361384 24.6
59.4721039 24.8360256 24.8
59.4719247 24.8359143 24.8
59.4717455 24.8358030 24.8
59.4715666 24.8356897 25.1
59.4713879 24.8355756 25.1
59.4712091 24.8354614 25.1
59.4710304 24.8353473 25.1
59.4708489 24.8352516 25.1
59.4706662 24.8351646 25.3
59.4704826 24.8350857 24.6
59.4702984 24.8350123 25.1
59.4701140 24.8349416 25.1
59.4699306 24.8348611 24.6
59.4697468 24.8347841 24.4
59.4695632 24.8347057 24.6
59.4693813 24.8346132 24.6
59.4691994 24.8345199 24.8
59.4690178 24.8344246 24.8
59.4688362 24.8343295 24.8
59.4686546 24.8342347 24.8
59.4684749 24.8341269 24.8
59.4682947 24.8340226 24.8
59.4681124 24.8339331 26.2
59.4679299 24.8338445 24.6
59.4677472 24.8337579 24.6
59.4675648 24.8336687 24.8
59.4673825 24.8335794 24.8
59.4672001 24.8334900 24.8
59.4670183 24.8333967 24.8
59.4668401 24.8332795 26.2
59.4666665 24.8331381 25.5
59.4664991 24.8329704 24.4
59.4663504 24.8327452 23.3
59.4662154 24.8324880 25.7
59.4660830 24.8322255 24.8
59.4659507 24.8319629 24.8
59.4658184 24.8317002 24.8
59.4656861 24.8314375 24.8
59.4655538 24.8311748 24.8
59.4654217 24.8309117 24.8
59.4652898 24.8306483 24.8
59.4651579 24.8303848 24.8
59.4650260 24.8301214 24.8
59.4648941 24.8298579 24.8
59.4647622 24.8295945 24.8
59.4646303 24.8293311 24.8
59.4644984 24.8290676 24.8
59.4643664 24.8288042 24.8
59.4642345 24.8285407 24.8
59.4641026 24.8282774 24.8
59.4639706 24.8280142 24.8
59.4638387 24.8277506 25.1
59.4637068 24.8274872 25.1
59.4635750 24.8272236 25.1
59.4634436 24.8269592 25.1
59.4633120 24.8266952 24.4
59.4631790 24.8264338 24.4
59.4630478 24.8261691 25.1
59.4629168 24.8259039 25.1
59.4627859 24.8256386 25.1
59.4626601 24.8253642 24.8
59.4625406 24.8250787 24.8
59.4624254 24.8247869 25.1
59.4623182 24.8244830 24.4
59.4622184 24.8241697 24.6
59.4621210 24.8238535 24.8
59.4620312 24.8235286 24.8
59.4619424 24.8232027 24.6
59.4618592 24.8228711 24.6
59.4617760 24.8225395 24.6
59.4616927 24.8222079 24.6
59.4616138 24.8218723 25.1
59.4615351 24.8215364 25.1
59.4614565 24.8212005 25.1
59.4613772 24.8208652 24.8
59.4612978 24.8205300 24.8
59.4612185 24.8201948 24.8
59.4611391 24.8198595 24.8
59.4610597 24.8195243 24.8
59.4609803 24.8191891 24.8
59.4608981 24.8188566 25.1
59.4608157 24.8185242 24.8
59.4607316 24.8181935 24.2
59.4606454 24.8178648 25.5
59.4605582 24.8175372 24.8
59.4604700 24.8172108 24.6
59.4603704 24.8168971 24.6
59.4602660 24.8165901 24.8
59.4601522 24.8162957 24.8
59.4600385 24.8160013 24.8
59.4599247 24.8157070 24.8
59.4598106 24.8154131 25.1
59.4596955 24.8151208 25.1
59.4595738 24.8148394 24.8
59.4594461 24.8145681 24.8
59.4593126 24.8143080 25.1
59.4591776 24.8140507 24.8
59.4590393 24.8138003 24.8
59.4589010 24.8135500 24.8
59.4587627 24.8132996 24.8
59.4586227 24.8130531 24.8
59.4584784 24.8128162 24.8
59.4583341 24.8125793 24.8
59.4581898 24.8123424 24.8
59.4580393 24.8121209 25.1
59.4578876 24.8119030 24.8
59.4577289 24.8117049 24.8
59.4575687 24.8115119 24.8
59.4574009 24.8113455 24.8
59.4572331 24.8111790 24.8
59.4570653 24.8110126 24.8
59.4568958 24.8108531 24.8
59.4567244 24.8107015 25.1
59.4565529 24.8105503 25.1
59.4563814 24.8103990 24.8
59.4562100 24.8102475 24.8
59.4560386 24.8100959 24.8
59.4558672 24.8099444 24.8
59.4556958 24.8097928 24.8
59.4555244 24.8096413 24.8
59.4553529 24.8094897 24.8
59.4551815 24.8093381 24.8
59.4550099 24.8091875 24.8
59.4548379 24.8090388 24.8
59.4546655 24.8088915 24.8
59.4544902 24.8087581 24.8
59.4543150 24.8086247 24.8
59.4541370 24.8085069 24.4
59.4539572 24.8083995 24.8
59.4537773 24.8082926 24.8
59.4535974 24.8081857 24.8
59.4534175 24.8080788 24.8
59.4532376 24.8079718 24.8
59.4530577 24.8078649 24.8
59.4528778 24.8077580 24.8
59.4526979 24.8076512 24.8
59.4525180 24.8075443 24.8
59.4523381 24.8074374 24.8
59.4521582 24.8073306 24.8
59.4519783 24.8072237 24.8
59.4517990 24.8071130 23.9
59.4516234 24.8069815 24.8
59.4514480 24.8068491 24.8
59.4512725 24.8067166 24.8
59.4510998 24.8065709 24.6
59.4509284 24.8064197 24.6
59.4507590 24.8062594 24.6
59.4505904 24.8060965 24.6
59.4504254 24.8059194 24.6
59.4502642 24.8057300 24.8
59.4501081 24.8055243 24.8
59.4499519 24.8053188 23.5
59.4497950 24.8051153 24.4
59.4496405 24.8049049 24.8
59.4494891 24.8046859 24.8
59.4493379 24.8044663 25.1
59.4491867 24.8042468 25.1
59.4490360 24.8040260 25.1
59.4488863 24.8038026 25.1
59.4487356 24.8035817 23.9
59.4485844 24.8033622 24.8
59.4484334 24.8031421 24.8
59.4482831 24.8029202 24.8
59.4481328 24.8026983 24.8
59.4479825 24.8024764 24.8
59.4478322 24.8022545 24.8
59.4476819 24.8020326 24.8
59.4475316 24.8018107 24.8
59.4473813 24.8015888 24.8
59.4472310 24.8013669 24.8
59.4470807 24.8011450 24.8
59.4469311 24.8009212 24.8
59.4467815 24.8006975 24.8
59.4466319 24.8004737 24.8
59.4464867 24.8002392 24.6
59.4463426 24.8000019 25.5
59.4461957 24.7997714 24.8
59.4460474 24.7995444 24.8
59.4458991 24.7993173 24.8
59.4457508 24.7990903 24.8
59.4456025 24.7988632 24.8
59.4454555 24.7986330 24.6
59.4453110 24.7983967 24.6
59.4451665 24.7981604 24.6
59.4450216 24.7979250 24.8
59.4448764 24.7976902 24.8
59.4447307 24.7974568 25.3
59.4445834 24.7972273 25.1
59.4444362 24.7969976 25.1
59.4442884 24.7967693 24.8
59.4441365 24.7965516 24.8
59.4439857 24.7963312 25.1
59.4438354 24.7961093 25.1
59.4437131 24.7958314 24.6
59.4435718 24.7955877 26.2
59.4434307 24.7953441 24.6
59.4432952 24.7950880 24.6
59.4431754 24.7948034 25.1
59.4430576 24.7945158 24.4
59.4429712 24.7941877 24.6
59.4429042 24.7938424 25.1
59.4428492 24.7934891 24.8
59.4428024 24.7931311 24.8
59.4427565 24.7927727 24.8
59.4427105 24.7924143 24.8
59.4426645 24.7920559 24.8
59.4426185 24.7916975 24.8
59.4425792 24.7913366 25.3
59.4425622 24.7909688 24.6
59.4425505 24.7906000 24.8
59.4425371 24.7902320 25.1
59.4425270 24.7898687 26.6
59.4424026 24.7895969 25.3
59.4422570 24.7893633 24.6
59.4421098 24.7891334 24.6
59.4419627 24.7889035 24.6
59.4418212 24.7886612 24.8
59.4416920 24.7883934 24.8
59.4415799 24.7880968 24.8
59.4414678 24.7878002 24.8
59.4413557 24.7875035 24.8
59.4412423 24.7872088 24.6
59.4411260 24.7869185 24.6
59.4410097 24.7866281 24.6
59.4408939 24.7863370 25.1
59.4407784 24.7860454 25.1
59.4406641 24.7857522 25.3
59.4405699 24.7854329 25.7
59.4404867 24.7851016 24.2
59.4404075 24.7847664 24.8
59.4403301 24.7844296 24.8
59.4402527 24.7840928 24.8
59.4401754 24.7837560 24.8
59.4400980 24.7834192 24.8
59.4400206 24.7830824 24.8
59.4399432 24.7827456 24.8
59.4398658 24.7824088 24.8
59.4397922 24.7820688 24.8
59.4397441 24.7817115 24.8
59.4397011 24.7813518 25.1
59.4396598 24.7809912 25.1
59.4396184 24.7806306 25.9
59.4395767 24.7802703 24.6
59.4395356 24.7799097 24.8
59.4394959 24.7795484 25.3
59.4394558 24.7791873 25.3
59.4394149 24.7788265 24.8
59.4393730 24.7784663 24.8
59.4393318 24.7781057 25.1
59.4392915 24.7777447 25.1
59.4392536 24.7773828 24.8
59.4392256 24.7770175 24.8
59.4392065 24.7766500 24.8
59.4391667 24.7762888 24.8
59.4391268 24.7759276 24.8
59.4390870 24.7755664 24.8
59.4390457 24.7752059 24.2
59.4390037 24.7748456 19.9
59.4389600 24.7744862 19.9
59.4389144 24.7741276 19.9
59.4388666 24.7737703 19.9
59.4388137 24.7734156 19.9
59.4387608 24.7730610 19.9
59.4387079 24.7727063 19.9
59.4386550 24.7723517 19.9
59.4386021 24.7719971 19.9
59.4385492 24.7716424 19.9
59.4384961 24.7712879 19.9
59.4384410 24.7709346 19.9
59.4383858 24.7705812 19.9
59.4383320 24.7702272 19.9
59.4382788 24.7698727 19.9
59.4382259 24.7695181 19.7
59.4381733 24.7691632 19.7
59.4381208 24.7688084 19.7
59.4380682 24.7684535 19.7
59.4380155 24.7680988 19.7
59.4379644 24.7677432 20.1
59.4379136 24.7673873 20.1
59.4378612 24.7670325 19.9
59.4378075 24.7666782 19.9
59.4377539 24.7663240 19.9
59.4377003 24.7659698 19.9
59.4376466 24.7656156 19.9
59.4375930 24.7652614 19.9
59.4375402 24.7649067 20.8
59.4374908 24.7645502 19.9
59.4373226 24.7644988 20.6
59.4371361 24.7645430 20.4
59.4369488 24.7645721 19.7
59.4367610 24.7645758 19.9
59.4365731 24.7645729 19.9
59.4363851 24.7645723 20.4
59.4361972 24.7645739 20.4
59.4360093 24.7645756 20.1
59.4358214 24.7645781 20.6
59.4356337 24.7645592 19.9
59.4354459 24.7645560 20.1
59.4352594 24.7645240 19.5
59.4350766 24.7644396 20.1
59.4348942 24.7643502 20.1
59.4347119 24.7642610 20.6
59.4345288 24.7641771 19.9
59.4343456 24.7640952 19.9
59.4341626 24.7640116 19.7
59.4339799 24.7639243 19.7
59.4338005 24.7638155 19.9
59.4336223 24.7636979 20.4
59.4334458 24.7635725 19.7
59.4332739 24.7634229 19.7
59.4331001 24.7632831 19.7
59.4329284 24.7631335 19.5
59.4327667 24.7629460 19.7
59.4326062 24.7627540 19.9
59.4324424 24.7625730 19.9
59.4322803 24.7623862 19.9
59.4321182 24.7621992 19.9
59.4319593 24.7620020 19.7
59.4318045 24.7617929 20.1
59.4316550 24.7615689 20.1
59.4315054 24.7613452 19.9
59.4313560 24.7611212 19.7
59.4312095 24.7608898 19.9
59.4310647 24.7606543 19.9
59.4309203 24.7604179 21.7
59.4307851 24.7601616 19.7
59.4306536 24.7598975 19.7
59.4305228 24.7596323 20.1
59.4303991 24.7593545 19.7
59.4302790 24.7590704 19.7
59.4301597 24.7587848 19.5
59.4300506 24.7584841 20.1
59.4299428 24.7581815 20.1
59.4298395 24.7578729 19.9
59.4297397 24.7575599 19.9
59.4296425 24.7572438 20.4
59.4295567 24.7569151 20.6
59.4294708 24.7565864 19.5
59.4293908 24.7562523 19.9
59.4293132 24.7559157 19.9
59.4292473 24.7555697 19.7
59.4291849 24.7552214 19.9
59.4291321 24.7548668 19.9
59.4290772 24.7545134 19.9
59.4290214 24.7541606 19.7
59.4289646 24.7538084 20.6
59.4289096 24.7534551 19.9
59.4288540 24.7531022 19.9
59.4287980 24.7527495 20.4
59.4287415 24.7523971 19.9
59.4286850 24.7520447 19.9
59.4286284 24.7516924 19.9
59.4285724 24.7513397 19.9
59.4285163 24.7509870 19.9
59.4284604 24.7506343 19.5
59.4284057 24.7502809 19.9
59.4283500 24.7499280 19.9
